Simulation_Start: 2020-05-19 11:54:51.815968
Arguments: Namespace(cavs=9, debug=False, host='127.0.0.1', map='Town05', no_render=False, port=2000, steps=3000, timestep=0.05, ucavs=5)
Num_Vehicles: 14
Avg_Velocity Avg_Comfort_Cost
-0.002782986682357955 1
-0.006541973147180662 2
-0.010299061382545133 2
-0.014054246765054762 2
-0.017807520461832784 2
-0.021558876251034875 2
-0.025308302733635876 2
-0.0290557905363703 2
-0.032801330562769036 2
-0.04396711079181574 2
-0.047505179527534504 2
-0.05152367227369689 2
-0.056874901670965095 1.3571428571428572
-0.06009653139221129 1.3571428571428572
-0.06434810668173618 1.1428571428571428
-0.06858798441831497 1
-0.07282165438725373 1
-0.07704895216728028 1
-0.08126990682515353 1
-0.08548451758315102 1
-0.08969297847270762 1
-0.09389575771375988 1
-0.0980932939747988 1
-0.10228602077802404 1
-0.10647436712308632 1
-0.1106585787603385 1
-0.1148395626792313 1
-0.11901463997135563 1
-0.12318926827064539 1
-0.12735763046695278 1
-0.1315230779852731 1
-0.13568571003739222 1
-0.13984444328311135 1
-0.14399968585230022 1
-0.14815075025611002 1
-0.15230021549626754 1
-0.15644413142624283 1
-0.16058535438700053 1
-0.16472292030144917 1
-0.16885624461330775 1
-0.17298753842679856 1
-0.17711451949846457 1
-0.1812379070285272 1
-0.1853577074299902 1
-0.18947402112807551 1
-0.1935867601101449 1
-0.19769671793901686 1
-0.20100762897293564 1
0.35989172176499357 1.6428571428571428
0.8845114061285665 1.6428571428571428
1.608022074851797 2
2.3723800542767193 2
3.082041234356811 2
3.73890116718568 2
4.345737355324478 2
4.910287810524813 2
5.428113228483775 2
5.910638098346515 2
6.355893090923322 2
6.773168057070775 2
7.163284071491405 2
7.529914659501068 2
7.875590617610642 2
8.202306855571988 2
8.512469996301284 2
8.808006143074607 2
9.090768847132285 2
9.362053597488812 2
9.623526967945162 2
9.876192397970465 2
10.121063620861948 2
10.354272433457504 2
10.586686670745946 2
10.812802351636261 2
11.03138929891754 2
11.248807017362005 2
11.461803286012273 2
11.67081216502219 2
11.780142788795933 1.3571428571428572
11.839411430684269 1.3571428571428572
11.890955893115352 1.2857142857142858
11.862369538096594 1.2142857142857142
11.843884543847446 1
11.824715266935604 1
11.802882552962837 1.0714285714285714
11.783497887804293 1
11.763935476103416 1.0714285714285714
11.744007186361982 1.0714285714285714
11.883854275170098 1.6428571428571428
12.08608316503293 1.9285714285714286
12.265622598691712 1.9285714285714286
12.542902235672676 2.0714285714285716
12.795983755866553 2
13.027971216315034 2.0714285714285716
13.230595120470124 2.0714285714285716
13.406931824032608 2
13.55393761021591 2
13.673610353928689 2.142857142857143
13.770073270727412 2.142857142857143
13.844840554013084 2.142857142857143
13.910196122229348 2.142857142857143
13.972750775108128 2.142857142857143
14.033763550015111 2.0714285714285716
14.09623073102279 2.0714285714285716
14.166873931372889 2.0714285714285716
14.245167880501306 2
14.331114885425176 2.0714285714285716
14.422705297852925 1.9285714285714286
14.520016127735687 1.9285714285714286
14.616467550295965 1.8571428571428572
14.70595458669432 1.8571428571428572
14.788622397556201 2
14.85822710110725 2.0714285714285716
14.920352013509307 2
14.963178028837579 1.8571428571428572
14.995960387195895 1.8571428571428572
15.014260758755885 1.9285714285714286
15.026981195526131 1.8571428571428572
15.034963815602449 1.8571428571428572
14.968571031027684 1.4285714285714286
14.887314670793002 1.5
14.807728120390419 1.6428571428571428
14.75387065772625 1.5714285714285714
14.707891145341312 1.5
14.671288738570999 1.5714285714285714
14.654849423887157 1.0714285714285714
14.648650487905035 1.2857142857142858
14.639757764141436 1.2857142857142858
14.629437338753837 1.2857142857142858
14.722310485762565 1.6428571428571428
14.798175570640934 1.5714285714285714
14.864524950278476 1.5714285714285714
14.933554242856685 1.5714285714285714
14.979083761418485 1.5714285714285714
15.004991518338915 1.6428571428571428
15.011473195420864 1.6428571428571428
15.010412373091087 1.7857142857142858
15.010827851563828 1.9285714285714286
15.014268654140864 1.8571428571428572
15.01407033794496 1.8571428571428572
15.015428704768121 2
15.013213998123003 2
15.01172488737591 1.8571428571428572
15.012358090132057 1.8571428571428572
15.023240246184812 1.5714285714285714
15.04502233831885 1.5
15.067561463919589 1.6428571428571428
15.084467417604536 1.5714285714285714
15.090586769878747 1.7142857142857142
15.095795881025532 1.9285714285714286
15.103005320200575 1.9285714285714286
15.107401873131884 1.7857142857142858
15.10686577174377 1.7857142857142858
15.100925223148193 1.8571428571428572
15.089440474938602 1.7142857142857142
15.073158342642433 1.6428571428571428
15.059844836265125 1.5
15.054209222567358 1.5
15.054285743026307 1.6428571428571428
15.051703842745846 1.7142857142857142
15.035492077564252 1.7142857142857142
15.026746151171729 1.7857142857142858
15.018732715563214 1.7142857142857142
15.009812343522404 1.6428571428571428
15.01042444796458 1.3571428571428572
15.023379066937249 1.3571428571428572
15.027688282494184 1.2857142857142858
15.03219777363574 1.3571428571428572
15.031272893237038 1.4285714285714286
15.022626748633837 1.5714285714285714
15.031791681250542 1.5714285714285714
15.02750177258435 1.6428571428571428
15.020580821159145 1.4285714285714286
15.023237752413333 1.5714285714285714
15.021434997081776 1.4285714285714286
15.018873514032174 1.3571428571428572
15.028080105329858 1.5
15.040598392062536 1.6428571428571428
15.056760609084378 1.7142857142857142
15.075158451924684 1.8571428571428572
15.0915946469558 1.7857142857142858
15.107465673776387 1.5714285714285714
15.122894909646632 1.6428571428571428
15.137632424599571 1.7142857142857142
15.152775402328162 1.5714285714285714
15.160982289383503 1.6428571428571428
15.161998101684734 1.7142857142857142
15.154555114881967 1.7142857142857142
15.133728758694028 1.6428571428571428
15.104978422269907 1.7857142857142858
15.075519593220996 1.6428571428571428
15.044858341689647 1.7142857142857142
15.028018210675642 1.5714285714285714
15.025096423935521 1.7142857142857142
15.035036147672189 1.7142857142857142
15.056865192605276 1.7142857142857142
15.080008750133366 1.6428571428571428
15.106131441457972 1.6428571428571428
15.123404541237134 1.7142857142857142
15.134042939212007 1.6428571428571428
15.139924199400163 1.5714285714285714
15.141177127515606 1.6428571428571428
15.13438843761516 1.7142857142857142
15.121548856618666 1.7857142857142858
15.108398204879732 1.6428571428571428
15.090952111955705 1.6428571428571428
15.066880584712873 1.5714285714285714
15.043502626188523 1.5714285714285714
15.023566333137618 1.5714285714285714
15.01293427507361 1.6428571428571428
15.011373305502069 1.5
15.021479252305449 1.6428571428571428
15.043846433081388 1.7142857142857142
15.079490680673043 1.7142857142857142
15.120884237880452 1.5714285714285714
15.157293779006235 1.7857142857142858
15.183313801841892 1.7142857142857142
15.190707311711828 1.6428571428571428
15.18178536368911 1.6428571428571428
15.164427587900045 1.5714285714285714
15.14406349340636 1.7857142857142858
15.112490505860993 1.7142857142857142
15.075940931221448 1.7857142857142858
15.040943222229055 1.7142857142857142
15.010775142715692 1.6428571428571428
14.983598275315877 1.5
14.973080061820431 1.5
14.979649746899826 1.4285714285714286
15.002595006580075 1.3571428571428572
15.035887019331993 1.5714285714285714
15.077959610040114 1.7857142857142858
15.134283738551362 1.8571428571428572
15.190090036734228 1.7142857142857142
15.238921212056663 1.7142857142857142
15.273710327038529 1.7142857142857142
15.281168661615158 1.5
15.264816014792913 1.5
15.227592043675543 1.5714285714285714
15.177249091514241 1.7857142857142858
15.117631583663293 2
15.054629805486424 1.9285714285714286
14.993715776731909 1.8571428571428572
14.946420024461482 1.7857142857142858
14.919014877909799 1.6428571428571428
14.912077608766337 1.5714285714285714
14.926455005457814 1.6428571428571428
14.964320324423031 1.5714285714285714
15.013362507112038 1.7142857142857142
15.067486708844932 1.7142857142857142
15.124141026223933 1.8571428571428572
15.173321054977784 1.7857142857142858
15.22224619104593 1.5714285714285714
15.250160792927694 1.6428571428571428
15.258551713411924 1.4285714285714286
15.240476112671159 1.5714285714285714
15.205805903573449 1.5
15.156675897008983 1.6428571428571428
15.10196339556897 1.8571428571428572
15.04024427864378 1.8571428571428572
14.98544081196451 1.6428571428571428
14.94084556318965 1.7142857142857142
14.90839908954417 1.8571428571428572
14.908228381812538 1.7142857142857142
14.932285905906886 1.7142857142857142
14.974135555116789 1.7857142857142858
15.029880795742939 1.8571428571428572
15.087121524791224 1.8571428571428572
15.140043514585914 1.8571428571428572
15.184096015126253 1.7142857142857142
15.208855890287513 1.8571428571428572
15.219368375280238 2
15.209655990712207 1.9285714285714286
15.179243330120203 2
15.133895589999899 1.8571428571428572
15.07369881104928 2
15.010066181349352 1.8571428571428572
14.947531203105955 1.7857142857142858
14.886178580029151 1.7857142857142858
14.840052264378349 1.7857142857142858
14.816346984681031 2.0714285714285716
14.801864819787058 2
14.790205104220364 1.8571428571428572
14.784347100721027 1.8571428571428572
14.789689201229471 1.8571428571428572
14.797446841592214 1.9285714285714286
14.806104423059567 1.9285714285714286
14.805693976920947 1.9285714285714286
14.789092000851825 2
14.754022244117003 2
14.699630836740386 2
14.655315516854229 1.8571428571428572
14.608660898128102 1.7142857142857142
14.545912834154354 1.8571428571428572
14.47988982297926 1.8571428571428572
14.420204517844741 1.7857142857142858
14.368523104695294 1.7142857142857142
14.33713780425657 1.7857142857142858
14.32513566643708 1.8571428571428572
14.33557756904897 1.7142857142857142
14.368695444443636 1.7142857142857142
14.424547869231677 1.7142857142857142
14.496765422013237 1.7857142857142858
14.576425497433133 1.7857142857142858
14.657996812850223 1.7857142857142858
14.727087695214728 1.8571428571428572
14.777640312450671 1.7857142857142858
14.810641573107048 1.8571428571428572
14.822512109396884 1.8571428571428572
14.817596928341072 1.6428571428571428
14.795289664127075 1.7142857142857142
14.760074713821442 1.7857142857142858
14.709712074342304 1.7142857142857142
14.660147906272949 1.8571428571428572
14.623618147461217 1.7142857142857142
14.604574470818772 1.8571428571428572
14.60639656929852 1.7857142857142858
14.624903232277674 1.7142857142857142
14.659117908346778 1.7142857142857142
14.712243641136743 1.5714285714285714
14.77899774392337 1.7857142857142858
14.854058133928698 1.7142857142857142
14.934073788984097 2
14.999026829579392 1.8571428571428572
15.03695082575298 1.7142857142857142
15.053929402456621 1.7142857142857142
15.045752482358045 1.7142857142857142
15.016099703492637 1.6428571428571428
14.972563832823104 1.5714285714285714
14.910283035864625 1.6428571428571428
14.840671925809325 1.6428571428571428
14.774589458068947 1.7142857142857142
14.721102578847193 1.8571428571428572
14.682064015309352 1.7142857142857142
14.677453244305294 1.8571428571428572
14.69500465748358 1.6428571428571428
14.731938486215267 1.7142857142857142
14.78536608258653 1.5714285714285714
14.856212662438205 1.8571428571428572
14.936698381604653 1.7857142857142858
15.016106526019657 1.8571428571428572
15.088827520430687 1.9285714285714286
15.14469928685172 1.8571428571428572
15.173197581718934 1.7857142857142858
15.180330937691041 1.7142857142857142
15.161798898553212 1.8571428571428572
15.128377676471793 1.7142857142857142
15.07753517521588 1.7857142857142858
15.023065839181806 1.7857142857142858
14.966753544423804 1.7857142857142858
14.922179129435175 1.9285714285714286
14.890523713440944 1.7857142857142858
14.880004160125612 1.6428571428571428
14.891591906521459 1.7142857142857142
14.929413487008159 1.6428571428571428
14.986793641724546 1.6428571428571428
15.0577254123452 1.6428571428571428
15.138722325621504 1.7857142857142858
15.216768834221028 1.6428571428571428
15.291284891433765 1.9285714285714286
15.344293393869334 1.8571428571428572
15.371815020062785 1.7857142857142858
15.366727635527846 1.6428571428571428
15.332460362377908 1.6428571428571428
15.276435942629984 1.7142857142857142
15.201275625735263 1.7857142857142858
15.123868989838071 1.7142857142857142
15.04321046077479 1.7142857142857142
14.974250517994262 1.7857142857142858
14.921115249545984 1.7857142857142858
14.889030159722994 1.7857142857142858
14.883021612680942 1.6428571428571428
14.908496687876106 1.7857142857142858
14.962943807543567 1.6428571428571428
15.034398840865872 1.7857142857142858
15.113733771764151 1.7142857142857142
15.194021975758483 1.6428571428571428
15.266077406213887 1.7857142857142858
15.322712364578303 1.8571428571428572
15.359722080124117 1.7142857142857142
15.363427023828057 1.6428571428571428
15.33107311843219 1.6428571428571428
15.272722178191383 1.7142857142857142
15.199701785597354 1.6428571428571428
15.120301831213215 1.7142857142857142
15.042606867713973 1.7857142857142858
14.970154941162468 1.8571428571428572
14.910452500125443 1.7857142857142858
14.874392633322149 1.7142857142857142
14.866229034404586 1.5714285714285714
14.894868012594513 1.5714285714285714
14.950846438168423 1.5714285714285714
15.022398595387338 1.5714285714285714
15.103201891093766 1.7142857142857142
15.182765140744497 1.7857142857142858
15.256241346146739 1.6428571428571428
15.31710953774598 1.7857142857142858
15.353495170372081 1.7142857142857142
15.359323358082486 1.7142857142857142
15.33232529130784 1.5714285714285714
15.27713011890386 1.5
15.205851371017719 1.5714285714285714
15.126388997270707 1.7142857142857142
15.048749681665425 1.7142857142857142
14.972583176013972 1.7142857142857142
14.909501481774463 1.5714285714285714
14.871002528677712 1.7142857142857142
14.862985856096325 1.5
14.888109760002136 1.5714285714285714
14.940913236129305 1.6428571428571428
15.01216503534172 1.7142857142857142
15.08960341383916 1.7142857142857142
15.172409216718362 1.6428571428571428
15.247596173976556 1.6428571428571428
15.307517493989737 1.6428571428571428
15.345706968549411 1.7142857142857142
15.357627006129908 1.7857142857142858
15.340579418689185 1.7857142857142858
15.293837811315724 1.7142857142857142
15.228311978385356 1.7142857142857142
15.147959898557554 1.7857142857142858
15.065172416027067 1.7142857142857142
14.988410651180521 1.5714285714285714
14.925365566364377 1.6428571428571428
14.885416939038725 1.5714285714285714
14.872767148534308 1.6428571428571428
14.88914752189804 1.7142857142857142
14.930621336209091 1.6428571428571428
14.994370378830371 1.7142857142857142
15.077616186809456 1.7142857142857142
15.166477241833062 1.7142857142857142
15.245982735185693 1.7142857142857142
15.304454841069871 1.7142857142857142
15.338723765455889 1.7142857142857142
15.346782802727724 1.7142857142857142
15.329920205218311 1.7142857142857142
15.290669083699427 1.7142857142857142
15.228218337348494 1.7142857142857142
15.149213627077966 1.7142857142857142
15.062155985078206 1.7142857142857142
14.980299102283304 1.6428571428571428
14.915459501785985 1.7142857142857142
14.876548815396502 1.7142857142857142
14.8636700302878 1.6428571428571428
14.874048108229417 1.6428571428571428
14.911591010779096 1.6428571428571428
14.96901494194433 1.6428571428571428
15.048963694721161 1.6428571428571428
15.137679261753874 1.5714285714285714
15.220801076380319 1.7857142857142858
15.28181365609008 1.7857142857142858
15.32195778312567 1.7857142857142858
15.336832441590142 1.5714285714285714
15.329692254361333 1.5714285714285714
15.301017637565316 1.6428571428571428
15.245626666914763 1.7142857142857142
15.171097178548472 1.7142857142857142
15.085275556861912 1.6428571428571428
15.002297832116545 1.8571428571428572
14.935579341916295 1.7857142857142858
14.889539163970204 1.7142857142857142
14.872957745704666 1.5
14.879653875642305 1.7142857142857142
14.908124213725639 1.7142857142857142
14.959952706705613 1.6428571428571428
15.029023104190296 1.7142857142857142
15.108758954802907 1.7142857142857142
15.186032245437465 1.5714285714285714
15.245590526559829 1.7142857142857142
15.28476487131865 1.7142857142857142
15.30324063502714 1.6428571428571428
15.301668505369134 1.7857142857142858
15.27885214609669 1.7142857142857142
15.232083837491604 1.7142857142857142
15.167090984307727 1.7142857142857142
15.091930892089126 1.5714285714285714
15.013615544775869 1.7142857142857142
14.94954338375632 1.7142857142857142
14.902199606447232 1.7142857142857142
14.879412631820486 1.6428571428571428
14.883676670408546 1.6428571428571428
14.912774919181876 1.6428571428571428
14.963298965880314 1.6428571428571428
15.030515177578403 1.7142857142857142
15.099105404078752 1.6428571428571428
15.163493205064894 1.5714285714285714
15.215072999387543 1.6428571428571428
15.25065266516776 1.5714285714285714
15.26019360955391 1.7857142857142858
15.253401218171117 1.6428571428571428
15.226855114347254 1.5714285714285714
15.182877350636275 1.6428571428571428
15.128698968551085 1.6428571428571428
15.069149270446701 1.5714285714285714
15.012636377179094 1.5714285714285714
14.96000630175965 1.6428571428571428
14.918790425119436 1.6428571428571428
14.89581112525444 1.5714285714285714
14.902517464912469 1.6428571428571428
14.930405740337651 1.5714285714285714
14.979700270243997 1.7857142857142858
15.043540447258268 1.7142857142857142
15.107615945911048 1.6428571428571428
15.16450453941913 1.6428571428571428
15.212423336818121 1.7142857142857142
15.241533056990347 1.6428571428571428
15.242627990302605 1.5714285714285714
15.219694686457625 1.6428571428571428
15.186438557214938 1.7857142857142858
15.142137822732764 1.6428571428571428
15.094857427906579 1.6428571428571428
15.046119069104401 1.6428571428571428
15.003079335934139 1.5714285714285714
14.966828592983312 1.5714285714285714
14.937072175307897 1.4285714285714286
14.924745448389412 1.4285714285714286
14.935900114431297 1.6428571428571428
14.96678050368294 1.7142857142857142
15.008586835107518 1.6428571428571428
15.063200854615582 1.7857142857142858
15.116980904378295 1.7142857142857142
15.160674861549028 1.6428571428571428
15.203419458493483 1.5714285714285714
15.228809751181796 1.5
15.225265521615455 1.5714285714285714
15.19857195390604 1.6428571428571428
15.158263324370271 1.6428571428571428
15.112016773662923 1.7142857142857142
15.066483088574323 1.7142857142857142
15.027135523135417 1.6428571428571428
14.993304286974855 1.6428571428571428
14.967333329539185 1.7142857142857142
14.957359958413937 1.6428571428571428
14.96248245793341 1.5714285714285714
14.985809917770167 1.5714285714285714
15.021323815935055 1.6428571428571428
15.063271417496358 1.6428571428571428
15.109525883206855 1.6428571428571428
15.153959133110675 1.7142857142857142
15.190670850332925 1.5714285714285714
15.21526661916005 1.5714285714285714
15.225825955480987 1.5714285714285714
15.214926115516684 1.3571428571428572
15.185090978301364 1.5714285714285714
15.144591966425764 1.5714285714285714
15.099621435162314 1.7857142857142858
15.054217314423079 1.7857142857142858
15.01483753353298 1.7142857142857142
14.98234525508102 1.7142857142857142
14.960549009938486 1.6428571428571428
14.957769112283778 1.6428571428571428
14.972984660001341 1.5
15.003903354888598 1.6428571428571428
15.046255465653063 1.7857142857142858
15.09393729720616 1.7857142857142858
15.14090470968384 1.7857142857142858
15.180828826201 1.6428571428571428
15.211771691058848 1.6428571428571428
15.231240476795325 1.6428571428571428
15.235426383609258 1.7857142857142858
15.223224259978013 1.6428571428571428
15.191616079734828 1.5
15.150199123816007 1.5714285714285714
15.104929047690158 1.7142857142857142
15.06536886067787 1.7857142857142858
15.027916500515355 1.7142857142857142
14.997112399895732 1.5
14.978291001950005 1.5
14.974183278081483 1.5714285714285714
14.987543273887479 1.5
15.013396445890788 1.6428571428571428
15.05229926088396 1.7142857142857142
15.096552566065482 1.7142857142857142
15.144051500093136 1.9285714285714286
15.184711944049013 1.7857142857142858
15.214234097185498 1.6428571428571428
15.231950181671095 1.7857142857142858
15.235066255285886 1.8571428571428572
15.218422975976946 1.5
15.185164750675915 1.5714285714285714
15.13966831769931 1.7142857142857142
15.09231779632428 1.8571428571428572
15.04483813624235 1.7857142857142858
15.005850899059343 1.9285714285714286
14.97787076539287 1.8571428571428572
14.9616120977967 1.7142857142857142
14.962184950177944 1.7142857142857142
14.9771725716152 1.7142857142857142
15.004480869454502 1.7142857142857142
15.040589311975472 1.7857142857142858
15.082072575944453 1.7142857142857142
15.12202772316776 1.7857142857142858
15.15305262354143 1.7857142857142858
15.187788734985435 1.7142857142857142
15.209188384583848 1.6428571428571428
15.214488204105937 1.6428571428571428
15.197977836728228 1.5
15.161585374609002 1.6428571428571428
15.115959574844288 1.6428571428571428
15.069128453486362 1.6428571428571428
15.028236081312492 1.7857142857142858
14.995258455451106 1.7857142857142858
14.973485534925057 1.6428571428571428
14.964227083215018 1.7142857142857142
14.968571502211901 1.7857142857142858
14.987672877768558 1.6428571428571428
15.020923142989592 1.6428571428571428
15.062938064514759 1.6428571428571428
15.107448035085694 1.5
15.146546960119489 1.6428571428571428
15.184000391130885 1.7142857142857142
15.212504771767959 1.6428571428571428
15.231210988388693 1.7142857142857142
15.233494431133265 1.5714285714285714
15.214299399279609 1.5714285714285714
15.181998575313457 1.4285714285714286
15.14287590408185 1.5
15.100323784326472 1.6428571428571428
15.064329582462012 1.7857142857142858
15.033772727701859 1.5714285714285714
15.012370427577965 1.6428571428571428
14.999302963022053 1.6428571428571428
14.998999662505296 1.6428571428571428
15.013200935541525 1.5714285714285714
15.043715388519294 1.5714285714285714
15.079840580232037 1.3571428571428572
15.113461350399936 1.5
15.14746599938513 1.6428571428571428
15.171296552755175 1.6428571428571428
15.195105359411741 1.5714285714285714
15.21338305310169 1.7857142857142858
15.221019859168946 1.8571428571428572
15.211866072413534 1.7142857142857142
15.18213624120999 1.4285714285714286
15.152360600701542 1.5
15.121561310437672 1.5714285714285714
15.092888693907692 1.5714285714285714
15.067525298446277 1.6428571428571428
15.05068230410976 1.7857142857142858
15.03944356457136 1.7857142857142858
15.034730344700886 2
15.0440292561791 1.7857142857142858
15.061969882948572 1.6428571428571428
15.087702496237375 1.5714285714285714
15.114112935559774 1.6428571428571428
15.138460102542068 1.7142857142857142
15.155258376858635 1.8571428571428572
15.173228122890823 1.8571428571428572
15.186349786802484 1.8571428571428572
15.192942932475173 1.8571428571428572
15.185601597695868 1.7857142857142858
15.166172689545165 1.7142857142857142
15.142403088697488 1.6428571428571428
15.116186367009806 1.7857142857142858
15.089878379879865 1.7857142857142858
15.065824812127405 1.7857142857142858
15.046027920975439 1.7857142857142858
15.031084421354308 1.8571428571428572
15.022087860167549 2
15.020731281893543 1.7857142857142858
15.02751990225396 1.9285714285714286
15.043227869038585 1.9285714285714286
15.053670051375057 1.7857142857142858
15.067349210919867 1.7857142857142858
15.08901297030037 2
15.11245829550892 1.7857142857142858
15.132382226351757 2
15.145751152069426 2.0714285714285716
15.150876065790065 2
15.148306419630917 1.7857142857142858
15.139020486080792 1.7857142857142858
15.126350857806834 1.8571428571428572
15.108001107803709 1.7857142857142858
15.092129831642909 1.7857142857142858
15.075827888386497 1.7857142857142858
15.061443342599029 1.9285714285714286
15.047208939588291 1.9285714285714286
15.035035645483408 1.9285714285714286
15.03002871446802 1.8571428571428572
15.03197154679952 1.8571428571428572
15.036749425793378 1.7857142857142858
15.046039371911714 1.7857142857142858
15.05574409853706 1.7857142857142858
15.062514385125546 1.7142857142857142
15.073111418553353 1.9285714285714286
15.090539429852848 2
15.102824221859148 1.8571428571428572
15.105300764273649 1.8571428571428572
15.101950422915078 1.7857142857142858
15.101272399567291 1.7142857142857142
15.099663213011418 1.7142857142857142
15.094499093897314 1.6428571428571428
15.091355847118077 1.7142857142857142
15.083753838757971 1.7857142857142858
15.074015629244512 1.8571428571428572
15.065521360637971 1.7857142857142858
15.066306129771604 1.6428571428571428
15.072545353568506 1.6428571428571428
15.081828334011085 1.7142857142857142
15.089680298733223 1.8571428571428572
15.098645721319588 1.7857142857142858
15.105937170438652 1.7857142857142858
15.11951265065588 1.7142857142857142
15.132803678163082 1.7857142857142858
15.144152765129162 1.8571428571428572
15.147184913742539 1.8571428571428572
15.147617797610907 1.7142857142857142
15.140565479023683 1.7857142857142858
15.132904622075152 1.7142857142857142
15.127294809500414 1.6428571428571428
15.11807120580363 1.6428571428571428
15.10500873279248 1.6428571428571428
15.095752238619243 1.7142857142857142
15.087476778942067 1.7142857142857142
15.081969373862679 1.7142857142857142
15.082734544289071 1.7142857142857142
15.082558746866537 1.8571428571428572
15.091793628912965 1.8571428571428572
15.103564259520205 1.5714285714285714
15.114110304914828 1.5714285714285714
15.127290592143956 1.6428571428571428
15.140697079765602 1.6428571428571428
15.151837515667186 1.7857142857142858
15.159122198198691 1.7142857142857142
15.162340088379581 1.7142857142857142
15.158694729642647 1.8571428571428572
15.155424562483454 1.7142857142857142
15.145988214260361 1.5714285714285714
15.133581530651337 1.5
15.121396653878884 1.5714285714285714
15.110285017458716 1.6428571428571428
15.099851452749173 1.7142857142857142
15.09092304147061 1.6428571428571428
15.082808699217686 1.7142857142857142
15.07801650186102 1.7857142857142858
15.083139112615385 1.6428571428571428
15.09331907648153 1.7142857142857142
15.105208398636659 1.5714285714285714
15.117899184685582 1.5714285714285714
15.130025467932848 1.6428571428571428
15.140845611308338 1.6428571428571428
15.14644030555243 1.7142857142857142
15.150786746042455 1.7142857142857142
15.152182266220754 1.7142857142857142
15.149564191535484 1.5714285714285714
15.140635104917536 1.7142857142857142
15.128787614738716 1.5714285714285714
15.116733182964191 1.6428571428571428
15.10648187796283 1.7857142857142858
15.096558811651693 1.6428571428571428
15.084886508237494 1.7142857142857142
15.076986432334264 1.7857142857142858
15.072654086743558 1.7142857142857142
15.072765353536465 1.7142857142857142
15.079601143919257 1.7142857142857142
15.092656954867673 1.7142857142857142
15.109269805598418 1.7857142857142858
15.126682547988224 1.8571428571428572
15.138368250973175 1.7857142857142858
15.149631378516881 1.7142857142857142
15.158166567566173 1.7142857142857142
15.159399230064569 1.7857142857142858
15.154163081228592 1.7857142857142858
15.143180872794902 1.7857142857142858
15.128369975458618 1.7857142857142858
15.11108102553873 1.7857142857142858
15.09365306452418 1.8571428571428572
15.075232257165208 1.7142857142857142
15.061401435291174 1.7857142857142858
15.046022432232967 1.7142857142857142
15.030709087185908 1.6428571428571428
15.03298285689672 1.7142857142857142
15.041291531650854 1.8571428571428572
15.055054946825988 1.7142857142857142
15.07439662433186 1.7857142857142858
15.09856117090915 1.7857142857142858
15.12360234941829 1.6428571428571428
15.140533169052421 1.7142857142857142
15.153930417985254 1.5714285714285714
15.158501865178984 1.5714285714285714
15.157142443418149 1.7857142857142858
15.152634961366022 1.8571428571428572
15.138475264383253 1.8571428571428572
15.114360866928036 1.8571428571428572
15.092565456951707 1.7857142857142858
15.076490028331548 1.7142857142857142
15.07098535225979 1.8571428571428572
15.071772261106107 1.7142857142857142
15.074892062238858 1.6428571428571428
15.074965854110681 1.8571428571428572
15.075673334795814 1.8571428571428572
15.083967432470557 1.8571428571428572
15.093798973549076 1.8571428571428572
15.11525455367167 1.7857142857142858
15.133456187293792 1.8571428571428572
15.142634400856181 1.7857142857142858
15.140321983016888 1.7142857142857142
15.127517557901768 1.8571428571428572
15.115459913802919 1.7857142857142858
15.1017308883319 1.7142857142857142
15.079466741907398 1.8571428571428572
15.071197681977273 1.8571428571428572
15.050687124421984 1.9285714285714286
15.034967144264984 1.7857142857142858
15.029082253638244 1.9285714285714286
15.03755181045388 1.8571428571428572
15.055066608929206 1.7857142857142858
15.07650128226985 1.8571428571428572
15.09787642120721 1.7857142857142858
15.11943236894897 1.8571428571428572
15.142814272443879 1.9285714285714286
15.167003537089343 1.9285714285714286
15.177347644126412 1.7857142857142858
15.175489523997095 1.8571428571428572
15.162757598222854 1.9285714285714286
15.144492536084567 1.7857142857142858
15.123405019690697 1.7857142857142858
15.101825408468986 1.8571428571428572
15.07991737543505 1.9285714285714286
15.057552661798299 1.9285714285714286
15.039146237874585 1.9285714285714286
15.024391085591763 1.9285714285714286
15.020644746009966 1.8571428571428572
15.02346831891925 2
15.038961801324644 1.7857142857142858
15.058607238948571 1.7142857142857142
15.08195380145315 1.7142857142857142
15.110461796249814 1.7142857142857142
15.140211822470897 1.7142857142857142
15.161825457740171 1.8571428571428572
15.169194557999596 1.8571428571428572
15.164897021166649 1.7142857142857142
15.153372002602175 1.7142857142857142
15.133059636635835 1.7142857142857142
15.115224290682075 1.7857142857142858
15.101519123332881 1.7857142857142858
15.087072480330583 1.7857142857142858
15.0723865504964 1.7142857142857142
15.060527160934686 1.7142857142857142
15.055792012634951 1.7857142857142858
15.058507253795643 1.7857142857142858
15.06915619259918 1.7857142857142858
15.083883960057063 1.8571428571428572
15.099447676227127 1.8571428571428572
15.115970789606052 1.7142857142857142
15.131175598068857 1.7142857142857142
15.142820784882113 1.7857142857142858
15.147583756325764 1.9285714285714286
15.140633417950884 1.7857142857142858
15.125359166232164 1.7857142857142858
15.106797669504987 1.8571428571428572
15.08813810393951 1.7142857142857142
15.073355965067217 1.6428571428571428
15.06221245075527 1.5714285714285714
15.061474278901054 1.7142857142857142
15.067652109671915 1.7857142857142858
15.075651795528723 1.6428571428571428
15.083367715371883 1.6428571428571428
15.093818173696388 1.7857142857142858
15.109995786621909 1.8571428571428572
15.128204721866828 1.7857142857142858
15.145637375102414 1.8571428571428572
15.15959884619119 1.7857142857142858
15.16698955496755 1.7142857142857142
15.161638507353258 1.6428571428571428
15.147008203342537 1.7857142857142858
15.128715580770216 1.5714285714285714
15.107662201135783 1.7142857142857142
15.08795103495995 1.7857142857142858
15.069240773438203 1.7857142857142858
15.056054525567932 1.7142857142857142
15.049857678383988 1.7142857142857142
15.054174438602185 1.6428571428571428
15.06976263841752 1.5714285714285714
15.088193187307224 1.5714285714285714
15.104340078545192 1.5714285714285714
15.12234796146169 1.5714285714285714
15.140443899961884 1.8571428571428572
15.156612653180154 1.7857142857142858
15.169430974683383 1.7142857142857142
15.177128318655244 1.7142857142857142
15.172200360961469 1.6428571428571428
15.153277874970925 1.5714285714285714
15.128284358858727 1.5714285714285714
15.099891708422637 1.6428571428571428
15.07562032259042 1.6428571428571428
15.054824155387195 1.7857142857142858
15.038193007176698 1.7857142857142858
15.02632515052346 1.7142857142857142
15.03101934664022 1.6428571428571428
15.048979951353243 1.6428571428571428
15.073071236947841 1.6428571428571428
15.104140709685764 1.6428571428571428
15.134309395367403 1.4285714285714286
15.161598771436061 1.6428571428571428
15.183848303394573 1.7142857142857142
15.202162599493843 1.7857142857142858
15.208641840531357 1.7142857142857142
15.206098585423073 1.6428571428571428
15.186330444172233 1.6428571428571428
15.155293028749062 1.5
15.120309183129546 1.5
15.086738645205505 1.4285714285714286
15.058125265647906 1.7142857142857142
15.034853573464204 1.7857142857142858
15.017975242430746 1.6428571428571428
15.011316387299539 1.7142857142857142
15.020446621086165 1.7857142857142858
15.048831401314857 1.5714285714285714
15.087909413843475 1.5714285714285714
15.12724041768823 1.5
15.162834588373396 1.6428571428571428
15.195956104204148 1.7142857142857142
15.22288658110589 1.7857142857142858
15.241158874003922 1.7142857142857142
15.243233013835091 1.8571428571428572
15.22432177901249 1.6428571428571428
15.186673655946807 1.5714285714285714
15.142731989880328 1.5
15.10010119965303 1.5714285714285714
15.059539846527516 1.5714285714285714
15.023767865120965 1.7142857142857142
14.99646774323283 1.7142857142857142
14.98376774789891 1.7857142857142858
14.986602737757902 1.5714285714285714
15.007936359606123 1.5714285714285714
15.048218860974416 1.4285714285714286
15.09832226887565 1.6428571428571428
15.14929815078681 1.5714285714285714
15.197452567737479 1.7142857142857142
15.236354970215555 1.7142857142857142
15.266381009571537 1.7857142857142858
15.27928696202439 1.7142857142857142
15.271212008892654 1.5714285714285714
15.23965991153453 1.5714285714285714
15.190961871795837 1.5714285714285714
15.135350065484111 1.5714285714285714
15.081567700007682 1.7857142857142858
15.03293528370054 1.7142857142857142
14.993398067804339 1.7142857142857142
14.964075124570494 1.5714285714285714
14.955585901916834 1.5
14.966286103848663 1.6428571428571428
14.997565751927956 1.7142857142857142
15.045379594347228 1.6428571428571428
15.098208602549025 1.6428571428571428
15.15766203440406 1.7142857142857142
15.214571205575197 1.7142857142857142
15.261553382282894 1.6428571428571428
15.293688975452849 1.5714285714285714
15.300758292632901 1.6428571428571428
15.285857317392555 1.5
15.247969131463723 1.5714285714285714
15.193998036616378 1.7142857142857142
15.135701052258199 1.6428571428571428
15.074392413082613 1.7142857142857142
15.020660705661037 1.7857142857142858
14.977641723817612 1.6428571428571428
14.950978693476277 1.5714285714285714
14.94710172350692 1.5714285714285714
14.961407795778493 1.5714285714285714
14.998682455831789 1.5
15.049717204660752 1.5714285714285714
15.107195279656487 1.5714285714285714
15.167582599265502 1.7857142857142858
15.226101355187145 1.8571428571428572
15.278272784122523 1.6428571428571428
15.310549976372002 1.6428571428571428
15.312386305469381 1.5
15.286280916459857 1.5
15.23888409743961 1.5
15.180684652784878 1.5
15.11825158732382 1.7142857142857142
15.056063224637937 1.8571428571428572
14.997458297985672 1.7142857142857142
14.954083919896549 1.6428571428571428
14.931374333920196 1.5
14.929796092039014 1.5
14.954346420544422 1.4285714285714286
14.998434087889935 1.6428571428571428
15.05791460115307 1.7142857142857142
15.123548903340827 1.8571428571428572
15.183416001292231 1.8571428571428572
15.238480729631828 1.8571428571428572
15.282793750508004 1.7142857142857142
15.307323144057467 1.6428571428571428
15.302042267770739 1.5
15.270544105150648 1.4285714285714286
15.218561644518797 1.6428571428571428
15.15270240943618 1.8571428571428572
15.084637335408075 1.8571428571428572
15.015754238996083 1.8571428571428572
14.956012934629912 1.7857142857142858
14.905898837564525 1.6428571428571428
14.887629593874854 1.6428571428571428
14.894146440622736 1.5
14.92370073722377 1.5
14.97223119860017 1.5
15.035267255134066 1.7857142857142858
15.102752292316168 1.9285714285714286
15.16831493018128 1.8571428571428572
15.231038163817308 1.7142857142857142
15.276803672919007 1.7142857142857142
15.300616771481335 1.5714285714285714
15.301890888047462 1.5
15.272190295743073 1.5714285714285714
15.219019577437338 1.5714285714285714
15.151319817263845 1.7857142857142858
15.077195820426658 1.8571428571428572
15.011113489712528 1.7857142857142858
14.956844174613595 1.6428571428571428
14.919036181608002 1.5714285714285714
14.902487752924516 1.5714285714285714
14.914031598578747 1.5714285714285714
14.946721532903911 1.4285714285714286
14.99661043493067 1.4285714285714286
15.056721502137448 1.7142857142857142
15.123847165926586 1.7857142857142858
15.18813180244738 1.8571428571428572
15.246956177323817 1.6428571428571428
15.295456061698879 1.5
15.32141491881601 1.5
15.318187511603014 1.6428571428571428
15.294190927495238 1.5
15.24208727826209 1.5714285714285714
15.175125599722431 1.7142857142857142
15.101131897577163 1.7857142857142858
15.029390789046982 1.9285714285714286
14.969847456715108 1.7857142857142858
14.934601892235372 1.6428571428571428
14.922405665253065 1.5714285714285714
14.931397841356493 1.6428571428571428
14.961081220844095 1.6428571428571428
15.006903298012926 1.5
15.059562293372311 1.6428571428571428
15.124605156918015 1.7142857142857142
15.185210924397788 1.8571428571428572
15.235338792510252 1.8571428571428572
15.275106106115143 1.6428571428571428
15.297025401789282 1.5714285714285714
15.301490606663757 1.5714285714285714
15.284481699429893 1.5714285714285714
15.246318761846654 1.4285714285714286
15.189122863959703 1.6428571428571428
15.123328845826016 1.6428571428571428
15.058888014568547 1.8571428571428572
15.00400159545269 1.6428571428571428
14.96611421674867 1.7142857142857142
14.953146651752538 1.5714285714285714
14.962575454821538 1.5
14.989022402655001 1.5
15.027648142314211 1.6428571428571428
15.076496464795275 1.5714285714285714
15.12982725262879 1.6428571428571428
15.180404416805487 1.8571428571428572
15.225749390249394 1.7142857142857142
15.260041947754447 1.5714285714285714
15.275749933780407 1.7857142857142858
15.28187768990365 1.7142857142857142
15.269690909631587 1.6428571428571428
15.23542030847694 1.7857142857142858
15.186495652269656 1.6428571428571428
15.130395358670139 1.7857142857142858
15.076123216531535 1.7857142857142858
15.030771644319714 1.7857142857142858
15.000832497906874 1.7142857142857142
14.987668709613503 1.7857142857142858
14.988916841284624 1.7857142857142858
15.008729307204499 1.6428571428571428
15.040319155357261 1.3571428571428572
15.079132649459384 1.5714285714285714
15.124942601973144 1.7142857142857142
15.171070164739822 1.7857142857142858
15.210333591738577 1.7857142857142858
15.23932321564456 1.5714285714285714
15.259540148754185 1.6428571428571428
15.269990409767361 1.5714285714285714
15.264132142604254 1.5
15.243290400207115 1.7142857142857142
15.201518014181351 1.6428571428571428
15.155307862771702 1.6428571428571428
15.10774440944411 1.6428571428571428
15.067600921766685 1.8571428571428572
15.037096447626471 1.7857142857142858
15.018088178378154 1.7857142857142858
15.014240137065148 1.7857142857142858
15.022570978990672 1.6428571428571428
15.042361048966608 1.5714285714285714
15.069770021885805 1.5714285714285714
15.10217072079439 1.6428571428571428
15.139725734838324 1.5714285714285714
15.171594486884121 1.4285714285714286
15.19641165848356 1.5714285714285714
15.21430265552213 1.6428571428571428
15.224913129599155 1.5714285714285714
15.220564253765396 1.5714285714285714
15.206915906862498 1.4285714285714286
15.181793430269133 1.3571428571428572
15.14696326922304 1.5714285714285714
15.115336228454153 1.5714285714285714
15.084044003191172 1.6428571428571428
15.058783222333973 1.6428571428571428
15.04134763567041 1.7142857142857142
15.031540210954098 1.5
15.031576600660468 1.4285714285714286
15.038731637677033 1.5714285714285714
15.052772171661141 1.6428571428571428
15.073766380575371 1.6428571428571428
15.096990115718873 1.7142857142857142
15.120429830355343 1.5714285714285714
15.142881104599773 1.7142857142857142
15.159275534649932 1.6428571428571428
15.169360186092941 1.6428571428571428
15.174583070738354 1.5
15.1723437716491 1.5714285714285714
15.16497756066389 1.5
15.155792119013308 1.6428571428571428
15.143191735740226 1.6428571428571428
15.131589835440478 1.7142857142857142
15.118814940784324 1.7857142857142858
15.110874834433044 1.6428571428571428
15.10698617076795 1.5714285714285714
15.102588453543952 1.6428571428571428
15.103145450241197 1.5714285714285714
15.103623361117235 1.7142857142857142
15.106283995385818 1.7857142857142858
15.109070458435765 1.7857142857142858
15.110677777657472 1.6428571428571428
15.117801166074983 1.5714285714285714
15.12675890154922 1.5714285714285714
15.130164316228834 1.5
15.134475364062387 1.3571428571428572
15.134101849093165 1.5
15.131691332605488 1.6428571428571428
15.131937440626483 1.7857142857142858
15.12980298801776 1.7142857142857142
15.120155258174623 1.6428571428571428
15.104746953136479 1.5714285714285714
15.083787515960958 1.6428571428571428
15.066240955298406 1.5714285714285714
15.05833509683175 1.5
15.056660888945542 1.7142857142857142
15.053604116800443 1.8571428571428572
15.05338169702821 1.7857142857142858
15.051100610991764 1.7142857142857142
15.05181206672513 1.5714285714285714
15.058708391053875 1.6428571428571428
15.067462198105359 1.6428571428571428
15.081738284189937 1.5
15.094787814650383 1.4285714285714286
15.104074247492491 1.7142857142857142
15.11325573231811 1.7857142857142858
15.124009161938858 1.9285714285714286
15.130481403498829 1.9285714285714286
15.125962032676775 1.7857142857142858
15.112815540005075 1.7142857142857142
15.101888810721714 1.5714285714285714
15.096073652150322 1.5714285714285714
15.09710506828164 1.6428571428571428
15.105854026676983 1.7857142857142858
15.113967099975602 1.9285714285714286
15.118864780265165 1.9285714285714286
15.12052854983537 1.7857142857142858
15.122434885802736 1.6428571428571428
15.129613221961588 1.7142857142857142
15.13684159713908 1.5714285714285714
15.141244233776492 1.6428571428571428
15.142187146011185 1.7857142857142858
15.14034207264625 1.7857142857142858
15.138222603019123 1.9285714285714286
15.139898919552337 1.9285714285714286
15.141431037599451 1.7857142857142858
15.136995346827035 1.7142857142857142
15.12830726439128 1.5714285714285714
15.115195338491912 1.5714285714285714
15.106486147478204 1.7142857142857142
15.106245584444991 1.7142857142857142
15.108041921535234 1.7142857142857142
15.110294794649631 1.9285714285714286
15.109524298581903 1.8571428571428572
15.105749608451944 1.7857142857142858
15.10221655157694 1.7142857142857142
15.105773116536545 1.5714285714285714
15.113577976364011 1.5714285714285714
15.124008493794973 1.6428571428571428
15.129513984900644 1.6428571428571428
15.130164585905856 1.7142857142857142
15.13155169864571 1.6428571428571428
15.13275541778616 1.8571428571428572
15.133630766228878 1.7857142857142858
15.13450828089602 1.7142857142857142
15.130136437271814 1.7142857142857142
15.115254460173018 1.5714285714285714
15.106319769172863 1.7142857142857142
15.10467349107875 1.6428571428571428
15.107207857565559 1.8571428571428572
15.107721044797545 1.7857142857142858
15.102211624124314 1.7142857142857142
15.09504200454136 1.7857142857142858
15.090641798149477 1.6428571428571428
15.090631160103909 1.7142857142857142
15.10094819747009 1.7857142857142858
15.113286936094777 1.7142857142857142
15.12409305415978 1.6428571428571428
15.12871220370379 1.7142857142857142
15.130519676675123 1.6428571428571428
15.13470159178492 1.5714285714285714
15.138391517944678 1.7857142857142858
15.136982148213399 1.6428571428571428
15.130190294751669 1.6428571428571428
15.117921762999467 1.7857142857142858
15.101916523804729 1.7857142857142858
15.092698061155362 1.7142857142857142
15.086760536402632 1.6428571428571428
15.08239905429338 1.5714285714285714
15.075492142342341 1.6428571428571428
15.065265947291305 1.6428571428571428
15.04700387044373 1.6428571428571428
15.022083687225681 1.6428571428571428
14.995592579729653 1.7857142857142858
14.405124041198974 1.6428571428571428
14.41284493743834 1.7142857142857142
14.41856037476385 1.4285714285714286
14.41938828440161 1.5714285714285714
14.419623070293417 1.5
14.417181340663005 1.7142857142857142
14.408983880097196 1.6428571428571428
14.39498255445497 1.7857142857142858
14.355474364145717 1.7142857142857142
14.348136308071497 1.7142857142857142
14.343794423559837 1.6428571428571428
14.344811469742694 1.4285714285714286
14.347338640072618 1.5714285714285714
14.335282153223751 1.6428571428571428
13.987158479979072 1.7142857142857142
13.99077257581651 1.7857142857142858
13.992751774263203 1.7142857142857142
14.002057271205665 1.7857142857142858
14.012563663220543 1.7857142857142858
14.008846811317218 1.7142857142857142
13.982446645793315 1.5714285714285714
13.966503186977507 1.7142857142857142
13.91167283328618 1.6428571428571428
13.828197491225069 1.7142857142857142
13.814370549827439 1.7142857142857142
13.80594965194826 1.6428571428571428
13.794502981780063 1.6428571428571428
13.785284934908807 1.7142857142857142
13.787119039392254 1.7142857142857142
13.78640220625142 1.5
13.790118772909572 1.7857142857142858
13.802177148858974 1.6428571428571428
13.808348162582531 1.8571428571428572
13.818577258223446 1.7857142857142858
13.833834216842057 1.7857142857142858
13.851263386747018 1.9285714285714286
13.87188917865314 1.8571428571428572
13.895027596898293 1.8571428571428572
13.912816864271612 1.7857142857142858
13.929762685290509 1.8571428571428572
13.939407833039224 1.8571428571428572
13.953063404647343 1.8571428571428572
13.964626094596973 1.8571428571428572
13.97105054181677 1.7857142857142858
13.974677080945758 1.7857142857142858
13.975417215631397 1.7857142857142858
13.980528940293341 1.7142857142857142
13.986357567127367 1.7142857142857142
13.995280811540747 1.7142857142857142
14.004939523069872 1.6428571428571428
14.016548991283896 1.7857142857142858
14.02749822293462 1.8571428571428572
14.043332791431144 1.7857142857142858
14.062237571143488 1.9285714285714286
14.081186818914105 1.7857142857142858
14.098048493967456 1.8571428571428572
14.112968673299061 1.7142857142857142
14.122990442185086 1.5714285714285714
14.132233264914333 1.7142857142857142
14.14260212468322 1.7142857142857142
14.153387927256894 1.8571428571428572
14.167583389351703 1.7857142857142858
14.176380988047294 1.8571428571428572
14.180900598205234 1.7857142857142858
14.187907126811844 1.7857142857142858
14.194671276760015 1.7857142857142858
14.206990790086298 1.6428571428571428
14.21840275886531 1.6428571428571428
14.226121448895883 1.8571428571428572
14.234726244238969 1.8571428571428572
14.247855348629736 1.8571428571428572
14.261611470398488 2
14.278947002853688 1.8571428571428572
14.294637702167446 1.7857142857142858
14.306312080115962 1.6428571428571428
14.312510389308837 1.6428571428571428
14.318446631338375 1.7857142857142858
14.325987234196651 1.7857142857142858
14.339742818364353 1.9285714285714286
14.355434232435954 1.9285714285714286
14.369133287263969 1.9285714285714286
14.378016595847958 1.7142857142857142
14.389035231875175 1.5714285714285714
14.40414379481786 1.7857142857142858
14.418913042028752 1.7142857142857142
14.432446025244031 1.6428571428571428
14.437114412209684 1.7142857142857142
14.440807167979662 1.8571428571428572
14.446620815915093 2
14.456014615658415 1.8571428571428572
14.468719755841427 1.7142857142857142
14.480264078932615 1.7142857142857142
14.48126520592945 1.7857142857142858
14.48126056236238 1.4285714285714286
14.481129844221174 1.5714285714285714
14.497627491875903 1.6428571428571428
14.522415870271699 1.7857142857142858
14.547980283342064 1.9285714285714286
14.566913224388413 1.9285714285714286
14.582595652894852 1.6428571428571428
14.597307404685772 1.5714285714285714
14.625727674817162 1.5
14.657606369342274 1.5
14.68518866773519 1.5
14.70463235722667 1.6428571428571428
14.71428495573992 1.7857142857142858
14.72097529611608 1.9285714285714286
14.729701525336399 1.8571428571428572
14.744818458114077 1.5714285714285714
14.757748003074799 1.5714285714285714
14.765634141899053 1.5714285714285714
14.768383466874399 1.6428571428571428
14.767708070476711 1.7857142857142858
14.771931739694105 1.8571428571428572
14.780730293193486 1.9285714285714286
14.796878050414284 1.8571428571428572
14.812777032598705 1.8571428571428572
14.828977901363462 1.7142857142857142
14.850153334566372 1.5714285714285714
14.876238838400074 1.6428571428571428
14.905636478219074 1.7142857142857142
14.930604381980302 1.7857142857142858
14.948758460804775 1.7857142857142858
14.957306158855792 1.7857142857142858
14.965934719534122 1.6428571428571428
14.9757975812667 1.9285714285714286
14.987131966724736 1.7857142857142858
14.994085948265429 1.7142857142857142
14.992372057507005 1.6428571428571428
14.992708713025525 1.7142857142857142
14.994227342982791 1.7142857142857142
14.996503880551325 1.7142857142857142
15.006578853238727 1.7857142857142858
15.017124933873157 1.7857142857142858
15.025100431722802 1.8571428571428572
15.037148928884307 1.7857142857142858
15.059345766769255 1.6428571428571428
15.088504164297447 1.5714285714285714
15.125062069583993 1.7142857142857142
15.148942435478777 1.5
15.168580815195572 1.5714285714285714
15.182165613858508 1.7857142857142858
15.19084867306486 1.5714285714285714
15.195396169616052 1.7857142857142858
15.19511856996843 1.7142857142857142
15.186839005701685 1.7142857142857142
15.174464477611856 1.5714285714285714
15.157676644454222 1.6428571428571428
15.147148762183159 1.4285714285714286
15.138098272482619 1.6428571428571428
15.127011278541152 1.6428571428571428
15.113865954887196 1.7142857142857142
15.100315173223514 1.8571428571428572
15.094401376820198 1.7142857142857142
15.099761752264218 1.5714285714285714
15.107607175634788 1.6428571428571428
15.118129648112523 1.5
15.122943988787677 1.4285714285714286
15.125397905307844 1.5
15.132863725762286 1.7857142857142858
15.144454010288264 1.8571428571428572
15.156688787903285 1.7857142857142858
15.164164857612999 1.6428571428571428
15.160678786560473 1.7857142857142858
15.152616408516025 1.5714285714285714
15.145654417724888 1.4285714285714286
15.14067131954503 1.5714285714285714
15.130681985816917 1.5714285714285714
15.114213377047173 1.6428571428571428
15.096085329455583 1.7857142857142858
15.081796509500952 1.8571428571428572
15.072479286307177 1.7142857142857142
15.075987044243647 1.5
15.087363255572162 1.5
15.099041552284934 1.5
15.107780849898976 1.5
15.117484614890902 1.5714285714285714
15.130025531510892 1.5714285714285714
15.144991918095121 1.8571428571428572
15.160298923719743 1.8571428571428572
15.168958762257695 1.6428571428571428
15.170193988465268 1.5
15.16294402384448 1.4285714285714286
15.15363259370544 1.4285714285714286
15.147155429987823 1.6428571428571428
15.136014602539817 1.6428571428571428
15.11728401562948 1.7857142857142858
15.09777823304972 1.7857142857142858
15.082047697523228 1.7857142857142858
15.07491566678096 1.5
15.07539588455386 1.5
15.086526712593841 1.3571428571428572
15.097740184497741 1.3571428571428572
15.106216819351316 1.4285714285714286
15.111724876162205 1.7857142857142858
15.121879135330067 1.7857142857142858
15.131843602625779 1.7857142857142858
15.140445067688042 1.7857142857142858
15.15311644172581 1.5714285714285714
15.157423397532984 1.5714285714285714
15.155202057676291 1.5
15.147965948182028 1.5714285714285714
15.137438781671877 1.6428571428571428
15.128477071506966 1.7857142857142858
15.118501838691573 1.7857142857142858
15.105649972911946 1.7857142857142858
15.099070501426842 1.7142857142857142
15.093062686887091 1.6428571428571428
15.092154288340426 1.5
15.092664445653416 1.5
15.095371929683697 1.6428571428571428
15.098442337766539 1.5714285714285714
15.09836562337089 1.6428571428571428
15.097040694363757 1.7142857142857142
15.102773134602527 1.7857142857142858
15.115324942412805 1.8571428571428572
15.127475289214154 1.7857142857142858
15.136893166646233 1.7142857142857142
15.138350081602022 1.6428571428571428
15.135812222047122 1.5714285714285714
15.12744749084931 1.7142857142857142
15.119254895044808 1.7142857142857142
15.112065885960263 1.7857142857142858
15.110652994228376 1.9285714285714286
15.112297108217675 1.8571428571428572
15.112232551745986 1.7142857142857142
15.108291574607934 1.5714285714285714
15.10434461199645 1.6428571428571428
15.098163481820226 1.5
15.090528366250673 1.5714285714285714
15.08146126512322 1.7142857142857142
15.073185119978278 1.8571428571428572
15.067666985072993 2
15.069727454912224 1.8571428571428572
15.074313687592827 1.7857142857142858
15.079569683511348 1.5714285714285714
15.081328108064765 1.5714285714285714
15.089126331214155 1.2857142857142858
15.090934138843732 1.5714285714285714
15.091136256107962 1.7142857142857142
15.093113857980008 1.7857142857142858
15.098596068503552 1.8571428571428572
15.107753104154 1.8571428571428572
15.11902034204363 1.6428571428571428
15.13008579598547 1.5
15.137827578186124 1.5
15.138162376653618 1.5
15.136501980317282 1.5
15.131101770607195 1.6428571428571428
15.123268236849125 1.7857142857142858
15.111084739866339 1.8571428571428572
15.103303778098327 1.8571428571428572
15.093930884955755 1.7142857142857142
15.089858027025034 1.4285714285714286
15.090334896299263 1.5714285714285714
15.090227254463041 1.5
15.089582465761385 1.5
15.089277442710467 1.7142857142857142
15.091459661065288 1.8571428571428572
15.100677634628314 1.7142857142857142
15.113288769708783 1.7142857142857142
15.125661270780464 1.6428571428571428
15.137675059838832 1.6428571428571428
15.14769822015819 1.5714285714285714
15.154547314753259 1.2857142857142858
15.153701579424936 1.5
15.148706206233784 1.5714285714285714
15.140953040059859 1.7142857142857142
15.12896087093144 1.7857142857142858
15.116172498957354 1.8571428571428572
15.09948875520155 1.6428571428571428
15.085116951821226 1.5
15.074528015125656 1.5
15.067137077296497 1.4285714285714286
15.066082127907167 1.5
15.068409854708804 1.5
15.0738448525925 1.4285714285714286
15.083441843535716 1.7857142857142858
15.095563983559527 1.7857142857142858
15.104978682825939 1.5714285714285714
15.111642977065566 1.7142857142857142
15.121537426759883 1.7142857142857142
15.1226944581222 1.7142857142857142
15.126362059845311 1.6428571428571428
15.12722019321345 1.7142857142857142
15.129343077117476 1.8571428571428572
15.1255246725565 1.8571428571428572
15.116573017505711 2
15.099619491168479 1.8571428571428572
15.083081651585152 1.7857142857142858
15.063634528086908 1.7142857142857142
15.051887080766317 1.5714285714285714
15.043982963156965 1.7857142857142858
15.042315048322207 1.7857142857142858
15.041226123186409 1.8571428571428572
15.045043936664465 1.8571428571428572
15.05488888138276 1.8571428571428572
15.06084889354064 1.7142857142857142
15.068733250215313 1.5714285714285714
15.07416148203096 1.5714285714285714
15.084472010326715 1.7142857142857142
15.093725273576814 1.7857142857142858
15.10038759163581 1.7857142857142858
15.110451071448708 1.7857142857142858
15.118144240170135 1.6428571428571428
15.123803750792101 1.7857142857142858
15.124813269193035 1.7142857142857142
15.121515274819647 1.5
15.114230304615338 1.6428571428571428
15.105381109270748 1.8571428571428572
15.099788871570578 1.8571428571428572
15.092683733807942 1.6428571428571428
15.09039199002148 1.8571428571428572
15.092639258399046 1.7142857142857142
15.099218865577177 1.7142857142857142
15.105986522572064 1.6428571428571428
15.113638654092005 1.5714285714285714
15.1193065722204 1.7142857142857142
15.124234293861033 1.7142857142857142
15.122473131690114 1.8571428571428572
15.118462758696372 1.7857142857142858
15.116582675829521 1.7857142857142858
15.11740677247182 1.7142857142857142
15.120575915796183 1.7857142857142858
15.117919506968665 1.7857142857142858
15.116227130026534 1.5
15.112458045219178 1.6428571428571428
15.112039227661356 1.6428571428571428
15.116817398994339 1.7857142857142858
15.120697794778225 1.7142857142857142
15.122538256669975 1.7142857142857142
15.121740036005685 1.7142857142857142
15.12262518750152 1.6428571428571428
15.125395070720204 1.4285714285714286
15.128957756056021 1.6428571428571428
15.13464931925667 1.7142857142857142
15.12966345332231 1.7142857142857142
15.104154726583372 1.7142857142857142
15.062049694787769 1.7142857142857142
15.01402195661016 1.7142857142857142
14.968172073801794 1.7142857142857142
14.928525119994204 1.8571428571428572
14.889890446784726 1.6428571428571428
14.846567329594482 1.7142857142857142
14.804667836686704 1.5714285714285714
14.763644724304301 1.6428571428571428
14.72537178415992 1.7142857142857142
14.686136904532516 1.7142857142857142
14.635530203636351 1.7857142857142858
14.578536422020136 1.7857142857142858
14.514107470526964 1.7857142857142858
14.44346255725484 1.6428571428571428
14.372494426301422 1.5714285714285714
14.305316566625551 1.5714285714285714
14.234260418360002 1.6428571428571428
14.158722989064602 1.5714285714285714
14.087146969868055 1.7857142857142858
14.019957649597194 1.8571428571428572
13.958383017189705 1.8571428571428572
13.910366703886096 1.7857142857142858
13.868803350562699 1.5714285714285714
13.823716784325091 1.5714285714285714
13.82455570289054 1.6428571428571428
13.838377851464305 1.5714285714285714
13.86093635359237 1.5714285714285714
13.88599575613487 1.7857142857142858
13.906615884280415 1.7857142857142858
13.920764887737558 1.7142857142857142
13.923590788826221 1.7142857142857142
13.9161660865031 1.5714285714285714
13.912599737816535 1.5714285714285714
13.906897448453897 1.6428571428571428
13.899563794702464 1.5714285714285714
13.885754980110821 1.6428571428571428
13.87698942920936 1.8571428571428572
13.868200683351116 1.8571428571428572
13.862758235069855 1.8571428571428572
13.860339742207081 1.7857142857142858
13.864900866281259 1.7142857142857142
13.869470521974543 1.6428571428571428
13.876229202040648 1.5714285714285714
13.884420754257642 1.5714285714285714
13.895193868293804 1.7857142857142858
13.90805909455611 1.8571428571428572
13.922094565543995 1.8571428571428572
13.93194957392735 1.8571428571428572
13.93828034160836 1.7857142857142858
13.933292665865258 1.6428571428571428
13.92465269789625 1.5714285714285714
13.910568126140143 1.6428571428571428
13.893429380844411 1.4285714285714286
13.870113533929517 1.7142857142857142
13.844864947541296 1.7857142857142858
13.822499747234657 1.8571428571428572
13.801160505216213 2
13.782933030016538 1.7857142857142858
13.767342015740596 1.6428571428571428
13.751229884043362 1.5
13.734938715057845 1.5
13.718770913492754 1.5
13.708025261002298 1.6428571428571428
13.704158254041737 1.7142857142857142
13.703156739151492 1.9285714285714286
13.70235440939575 1.9285714285714286
13.698222915980734 1.7857142857142858
13.684045719381235 1.6428571428571428
13.66560675107375 1.4285714285714286
13.716035125973942 1.3571428571428572
13.744353857928068 1.7142857142857142
13.769424718451642 1.7142857142857142
13.80972236832177 1.8571428571428572
13.821555872079122 1.9285714285714286
13.819503585015845 1.7857142857142858
13.815517508951858 1.6428571428571428
13.81334240319845 1.6428571428571428
13.811930107191284 1.3571428571428572
13.806937890220842 1.4285714285714286
13.805267984092106 1.5
13.81148944803825 1.6428571428571428
13.818282929643436 1.6428571428571428
13.82672358951257 1.8571428571428572
13.841106779248648 1.7857142857142858
13.855403004160733 1.6428571428571428
13.86408875221297 1.5714285714285714
13.869889121624752 1.4285714285714286
13.871418429651024 1.5714285714285714
13.869087830123728 1.7142857142857142
13.863246613907517 1.6428571428571428
13.849644820587871 1.8571428571428572
13.8387237061671 1.7857142857142858
13.832058535007913 1.7142857142857142
13.827359693535891 1.7142857142857142
13.822698417943228 1.5714285714285714
13.812690645243727 1.5714285714285714
13.803244735066361 1.5
13.798686871113004 1.5714285714285714
13.798798277357601 1.7857142857142858
13.807902028039788 1.7857142857142858
13.8180406202499 1.8571428571428572
13.824928708032724 1.7857142857142858
13.83853305854278 1.7142857142857142
13.848761944588945 1.5714285714285714
13.862264277132335 1.5714285714285714
13.872957842669429 1.5714285714285714
13.872771535914763 1.5714285714285714
13.864358926147558 1.5714285714285714
13.854626094593124 1.7857142857142858
13.846317637980448 1.7857142857142858
13.840756715676118 1.8571428571428572
13.83489522870798 1.6428571428571428
13.824021111538045 1.5714285714285714
13.80879742830637 1.5714285714285714
13.797095989474931 1.4285714285714286
13.7928333042461 1.5714285714285714
13.794993521367902 1.7142857142857142
13.800045510563685 1.7142857142857142
13.807667400035967 1.7857142857142858
13.814439673664747 1.7857142857142858
13.825755345955267 1.6428571428571428
13.84325943652316 1.4285714285714286
13.866406080787057 1.4285714285714286
13.881337638292054 1.6428571428571428
13.885677092050859 1.5714285714285714
13.876797643115975 1.6428571428571428
13.86782582632411 1.5714285714285714
13.86117641050209 1.7857142857142858
13.853736963123117 1.7142857142857142
13.842434778137811 1.5714285714285714
13.825445396689974 1.4285714285714286
13.805942178630435 1.5714285714285714
13.792734789248172 1.5
13.787457205207131 1.6428571428571428
13.788798617011116 1.7142857142857142
13.796001020904175 1.5714285714285714
13.802471862022044 1.7142857142857142
13.807004419998869 1.5714285714285714
13.823794661393777 1.5
13.845208328138817 1.3571428571428572
13.870364861441088 1.5714285714285714
13.88546755084067 1.5714285714285714
13.891654430950334 1.5714285714285714
13.8849643689067 1.6428571428571428
13.874194724295942 1.6428571428571428
13.86532944709302 1.7857142857142858
13.852915749815672 1.5
13.835697824526537 1.5714285714285714
13.81666833067335 1.5714285714285714
13.795291825270162 1.5
13.77700342376312 1.6428571428571428
13.770182963358826 1.5714285714285714
13.774365538811264 1.7142857142857142
13.779071870021063 1.5
13.787291315531332 1.6428571428571428
13.802618694110231 1.5714285714285714
13.823931404276477 1.6428571428571428
13.85142248989702 1.5
13.880657129706304 1.6428571428571428
13.899070078713052 1.7142857142857142
13.90951215382789 1.6428571428571428
13.908535304106435 1.7142857142857142
13.899385425329985 1.5714285714285714
13.8860378572527 1.7142857142857142
13.870026695732559 1.6428571428571428
13.846027146263173 1.5
13.816489026969924 1.5
13.787679385002264 1.6428571428571428
13.767762682342575 1.5714285714285714
13.753038652531705 1.6428571428571428
13.748588539682553 1.5714285714285714
13.749156347755145 1.6428571428571428
13.758651993834441 1.6428571428571428
13.776296657211306 1.5714285714285714
13.798601167515926 1.6428571428571428
13.833682470484366 1.7857142857142858
13.873601482627565 1.7142857142857142
13.903033525363098 1.7142857142857142
13.922076241583827 1.5714285714285714
13.924168031977771 1.7142857142857142
13.910973801340429 1.5714285714285714
13.889341063611889 1.6428571428571428
13.858469385909046 1.6428571428571428
13.824323957794935 1.6428571428571428
13.790222121264035 1.6428571428571428
13.761361247980389 1.6428571428571428
13.741085379612423 1.6428571428571428
13.726796721771326 1.5
13.722266958894503 1.5714285714285714
13.725632276614299 1.5
13.738148966969991 1.4285714285714286
13.749018279394244 1.5
13.775593081987767 1.5714285714285714
13.810133868392958 1.6428571428571428
13.846528459042773 1.6428571428571428
13.878600246301671 1.7142857142857142
13.902924671972508 1.5714285714285714
13.9157283526187 1.5714285714285714
13.906565913615397 1.4285714285714286
13.886894332893496 1.3571428571428572
13.85281801793145 1.4285714285714286
13.816703692086843 1.5
13.775946354826539 1.7142857142857142
13.73807948315282 1.7142857142857142
13.713241130634582 1.5
13.696846645622468 1.4285714285714286
13.696587952568825 1.4285714285714286
13.710464264939088 1.3571428571428572
13.72746167028592 1.2857142857142858
13.75154737542822 1.5
13.78340483624839 1.5
13.818152850640097 1.6428571428571428
13.85654797121928 1.7857142857142858
13.8876362106888 1.5
13.908310932019628 1.5
13.917095851814228 1.5
13.918542690992648 1.4285714285714286
13.90809424384134 1.2142857142857142
13.88272883839936 1.4285714285714286
13.851517320824685 1.4285714285714286
13.812429642366881 1.6428571428571428
13.770030233017637 1.7142857142857142
13.737618597461488 1.5714285714285714
13.71657425967141 1.5
13.70791425810147 1.5714285714285714
13.711637094768593 1.3571428571428572
13.73199114148456 1.5
13.760964756268047 1.5
13.795451690056835 1.4285714285714286
13.830003298847096 1.5714285714285714
13.866546227774567 1.7142857142857142
13.8945534954208 1.7142857142857142
13.908896573513132 1.5714285714285714
13.909229730491603 1.5714285714285714
13.896723629853984 1.6428571428571428
13.877782012122307 1.6428571428571428
13.84833454052574 1.5
13.817825469497878 1.5
13.788936539109091 1.5714285714285714
13.759909774508447 1.5714285714285714
13.736479539673635 1.6428571428571428
13.72114781594645 1.5714285714285714
13.719716054875473 1.5714285714285714
13.727964254536989 1.7142857142857142
13.748053138648404 1.6428571428571428
13.773189932127787 1.7142857142857142
13.81155723021867 1.5714285714285714
13.853169500841943 1.5
13.89508926974221 1.5714285714285714
13.921624892621718 1.6428571428571428
13.9312238368168 1.5714285714285714
13.92338941615686 1.6428571428571428
13.899033072644432 1.7857142857142858
13.862769931735883 1.8571428571428572
13.827985917345801 1.6428571428571428
13.79608056473883 1.5
13.76677736117965 1.7142857142857142
13.736278987930405 1.6428571428571428
13.716590581200936 1.6428571428571428
13.710509528855573 1.6428571428571428
13.71823655768473 1.5
13.735500757144868 1.6428571428571428
13.7647139925752 1.5714285714285714
13.80149897171199 1.7142857142857142
13.836015959772515 1.7857142857142858
13.876023378997791 1.7142857142857142
13.915639920882764 1.7857142857142858
13.94466235462977 1.7142857142857142
13.95259933818776 1.5714285714285714
13.938138137679198 1.4285714285714286
13.911826802242162 1.5714285714285714
13.870238826519182 1.6428571428571428
13.830240922044316 1.7142857142857142
13.794173574340183 1.8571428571428572
13.761241542301233 1.8571428571428572
13.734698258482286 1.7142857142857142
13.71493646065376 1.6428571428571428
13.710579530206548 1.4285714285714286
13.726369218534625 1.3571428571428572
13.754558728017825 1.5714285714285714
13.790488622915602 1.6428571428571428
13.825599789223293 1.7142857142857142
13.86279682572158 1.7857142857142858
13.896368026762838 1.8571428571428572
13.933085634906538 1.8571428571428572
13.960698438171132 1.5
13.969775084762277 1.5
13.951618995305003 1.3571428571428572
13.918662482383388 1.5
13.876303072458056 1.5714285714285714
13.833258934751456 1.8571428571428572
13.792795445423476 1.8571428571428572
13.757048995140824 1.8571428571428572
13.727191769321793 1.5714285714285714
13.710154926730606 1.6428571428571428
13.710361453669945 1.4285714285714286
13.727959069557237 1.5
13.759340067736547 1.4285714285714286
13.79709630743366 1.3571428571428572
13.83193302060383 1.7142857142857142
13.866488999673104 1.7857142857142858
13.906110844797618 1.7142857142857142
13.93968935568424 1.6428571428571428
13.966391624857982 1.5714285714285714
13.968902741129535 1.5
13.94836761188653 1.3571428571428572
13.91386464537521 1.2857142857142858
13.875037733932968 1.5714285714285714
13.828461050142204 1.7142857142857142
13.789015764852547 1.7857142857142858
13.75545886329567 1.7142857142857142
13.728937934345996 1.5714285714285714
13.716860364375325 1.5714285714285714
13.720340307387081 1.3571428571428572
13.739786080011465 1.3571428571428572
13.771913487221822 1.2857142857142858
13.803316141506713 1.4285714285714286
13.84085310749934 1.6428571428571428
13.874656712708383 1.7857142857142858
13.914066219250408 1.7857142857142858
13.948388210637885 1.7142857142857142
13.965894304783513 1.5714285714285714
13.958961260443537 1.3571428571428572
13.928699349015789 1.3571428571428572
13.888616209260206 1.5
13.845998493473939 1.5714285714285714
13.80541132056805 1.7142857142857142
13.764482854203141 1.7857142857142858
13.729863382464682 1.7857142857142858
13.707674697512948 1.6428571428571428
13.705433301361015 1.4285714285714286
13.72430084102708 1.5
13.747799340236211 1.3571428571428572
13.786351128927548 1.4285714285714286
13.821230556648997 1.3571428571428572
13.859055415337151 1.6428571428571428
13.900985323479745 1.8571428571428572
13.940119518600838 1.9285714285714286
13.968983778363674 1.8571428571428572
13.977779939689844 1.5714285714285714
13.957246154119048 1.5
13.924217768279757 1.3571428571428572
13.879203881285827 1.3571428571428572
13.836561583982325 1.5714285714285714
13.791136357750347 1.7857142857142858
13.747860299023134 1.9285714285714286
13.710343754385354 1.8571428571428572
13.694266341028698 1.7857142857142858
13.696058833967296 1.6428571428571428
13.718623959745528 1.5
13.755684490094753 1.2857142857142858
13.791520097131531 1.2857142857142858
13.830393841763422 1.5
13.868127509969959 1.8571428571428572
13.912312267579013 1.9285714285714286
13.949660885888091 1.8571428571428572
13.973694256970854 1.7857142857142858
13.97486217923704 1.5714285714285714
13.956346921610228 1.4285714285714286
13.916764803426 1.5
13.875506174500565 1.5714285714285714
13.829495760482788 1.7142857142857142
13.779550480683929 1.7857142857142858
13.732533979633304 1.9285714285714286
13.697716027817624 1.7857142857142858
13.683261323432102 1.6428571428571428
13.695415910835884 1.6428571428571428
13.72422056201659 1.5714285714285714
13.758458515470217 1.7142857142857142
13.795373739865678 1.6428571428571428
13.837487344438339 1.6428571428571428
13.877332186935872 1.7857142857142858
13.924017755697722 1.8571428571428572
13.96910596513922 1.8571428571428572
13.995669333256982 1.7142857142857142
13.990829790966401 1.7142857142857142
13.967690687366229 1.7142857142857142
13.9263421122302 1.6428571428571428
13.881316218070989 1.6428571428571428
13.827140109257394 1.8571428571428572
13.773606625798571 1.7857142857142858
13.726797631221904 1.8571428571428572
13.689628366164722 1.9285714285714286
13.673940896715264 1.8571428571428572
13.679669738527998 1.7142857142857142
13.701260725503593 1.7142857142857142
13.733974329512707 1.7857142857142858
13.768682896246109 1.8571428571428572
13.812844355625444 1.8571428571428572
13.862486065703973 1.6428571428571428
13.912896236370498 1.7857142857142858
13.958444434060647 2
13.986977502093515 1.8571428571428572
13.987003830206286 1.8571428571428572
13.963446030017366 1.7857142857142858
13.927261773679106 1.7142857142857142
13.878126405405157 1.7857142857142858
13.830687406171968 1.6428571428571428
13.77840604866681 1.7142857142857142
13.733046603105162 2
13.696220850163883 2
13.677130625712152 1.8571428571428572
13.677842734251788 1.8571428571428572
13.693794302305593 1.7142857142857142
13.723115476211111 1.5714285714285714
13.76448795462741 1.6428571428571428
13.81171208617782 1.7142857142857142
13.861796162586026 1.8571428571428572
13.913628467628149 1.9285714285714286
13.951921428994384 2
13.974888622626803 1.7857142857142858
13.972452218301768 1.7142857142857142
13.947704726823307 1.6428571428571428
13.90949701134371 1.7142857142857142
13.862847556520874 1.5714285714285714
13.80684210596595 1.7142857142857142
13.758632389070591 1.7857142857142858
13.716746228913784 1.7857142857142858
13.684535456060502 1.7857142857142858
13.670524773675448 1.5714285714285714
13.671352949655525 1.6428571428571428
13.690875307461278 1.5
13.723261511155627 1.6428571428571428
13.769462232278755 1.6428571428571428
13.824300267051996 1.7142857142857142
13.881162190177227 1.7142857142857142
13.935372944645316 1.7857142857142858
13.977979231505502 1.8571428571428572
14.000269322064172 1.6428571428571428
13.997954594424812 1.7142857142857142
13.973880185632062 1.5
13.934279196090877 1.6428571428571428
13.882089441804252 1.6428571428571428
13.822867368053231 1.7857142857142858
13.767585867190858 1.7857142857142858
13.72049178960181 1.7857142857142858
13.683624221176922 1.9285714285714286
13.666675077775587 1.6428571428571428
13.66560111508454 1.5
13.680480629717337 1.5714285714285714
13.718512973571391 1.6428571428571428
13.769243835460502 1.7142857142857142
13.829788214497738 1.7857142857142858
13.894412869957442 1.8571428571428572
13.947020186626967 1.7857142857142858
13.994254436857434 1.7142857142857142
14.016813184855037 1.6428571428571428
14.01901230949006 1.5714285714285714
13.996530778158252 1.7857142857142858
13.956981475400088 1.7857142857142858
13.89532421473935 1.7857142857142858
13.83443546726166 1.7857142857142858
13.776025043189232 1.7857142857142858
13.722083952590154 1.7142857142857142
13.685759762005778 1.7857142857142858
13.659145586378196 1.7857142857142858
13.652219866932459 1.7142857142857142
13.665617389370997 1.5714285714285714
13.700477650342913 1.6428571428571428
13.750058482506624 1.6428571428571428
13.815146682398588 1.7857142857142858
13.88345715069378 1.8571428571428572
13.946239860024495 1.7857142857142858
13.999679695697242 1.7857142857142858
14.02659761756996 1.6428571428571428
14.031788894490456 1.5
14.009573661523769 1.6428571428571428
13.968495199982708 1.5
13.912880797577206 1.7857142857142858
13.846847893499076 1.8571428571428572
13.77941196430328 1.7857142857142858
13.719196292956086 1.7142857142857142
13.672968038832055 1.7857142857142858
13.646101920752836 1.4285714285714286
13.63536315968383 1.4285714285714286
13.649359873343355 1.6428571428571428
13.683939818295011 1.7142857142857142
13.735193522735322 1.6428571428571428
13.800711671211534 1.7857142857142858
13.874438414649637 1.7142857142857142
13.943460449240918 1.7142857142857142
14.000133936472537 1.6428571428571428
14.035126630484207 1.4285714285714286
14.044455213326742 1.6428571428571428
14.02465091912573 1.6428571428571428
13.9856383392728 1.5
13.930435809175423 1.6428571428571428
13.861269275196767 1.8571428571428572
13.791652004474647 1.7142857142857142
13.726562810094254 1.6428571428571428
13.677209724399773 1.6428571428571428
13.645140042506386 1.5714285714285714
13.635147328225411 1.4285714285714286
13.647415126228296 1.5
13.682054348643566 1.5
13.735518160100503 1.7142857142857142
13.800078755251898 1.7142857142857142
13.87399422412548 1.7142857142857142
13.944920554361724 1.7142857142857142
14.004049060759385 1.7142857142857142
14.04019150414193 1.5714285714285714
14.050306604894178 1.5
14.03242829176 1.5
13.995305929341322 1.6428571428571428
13.941962767244487 1.7142857142857142
13.871059395247409 1.7142857142857142
13.798252035598342 1.7142857142857142
13.73257913989512 1.6428571428571428
13.67930470637951 1.5
13.646434205302434 1.4285714285714286
13.63524352412161 1.6428571428571428
13.644996304457857 1.5
13.677653970118714 1.5714285714285714
13.729963557429471 1.5714285714285714
13.797999395555967 1.5714285714285714
13.872624829590062 1.7142857142857142
13.9454517828 1.7142857142857142
14.004863853094394 1.6428571428571428
14.040371128515035 1.6428571428571428
14.053260266608927 1.5714285714285714
14.039853499331572 1.4285714285714286
14.005837572609652 1.6428571428571428
13.951633639719907 1.5714285714285714
13.885401317244273 1.6428571428571428
13.814104262861806 1.7142857142857142
13.74744556612382 1.6428571428571428
13.690258457747014 1.5714285714285714
13.65399856402803 1.5
13.639032817854126 1.5714285714285714
13.64743031470937 1.5
13.679060586477668 1.5
13.732653384306579 1.5
13.797530813036119 1.5714285714285714
13.87002316147239 1.7142857142857142
13.940843553110891 1.5714285714285714
13.997818830119117 1.7142857142857142
14.037996241991413 1.5714285714285714
14.052329352811972 1.5714285714285714
14.040851228739585 1.5714285714285714
14.004986648818381 1.5
13.952935483387288 1.5714285714285714
13.887744322496623 1.6428571428571428
13.823049724938372 1.5714285714285714
13.757051333532372 1.5
13.704051385781053 1.5714285714285714
13.665700104255581 1.5
13.647734965193271 1.3571428571428572
13.655846298447528 1.5714285714285714
13.687061684668251 1.5
13.737673830282313 1.4285714285714286
13.797936368231559 1.4285714285714286
13.864404534433996 1.5
13.922710453835755 1.7142857142857142
13.974701841523004 1.5714285714285714
14.011008630211286 1.5
14.029000956465254 1.5
14.024023574308808 1.5
13.991704187355529 1.5714285714285714
13.942708866335403 1.5
13.878916044014387 1.6428571428571428
13.820292215906843 1.5714285714285714
13.762000373085593 1.5
13.71398632161941 1.5
13.678522908084258 1.4285714285714286
13.661224483484519 1.5
13.662854615253853 1.4285714285714286
13.688354921666136 1.2857142857142858
13.727736338673523 1.3571428571428572
13.780158570466844 1.4285714285714286
13.83590462065206 1.5
13.892115653246378 1.5
13.941566365309193 1.6428571428571428
13.980791753412829 1.5714285714285714
13.99910211534247 1.5
14.000092987145306 1.5
13.978906127077828 1.5714285714285714
13.941764533902063 1.4285714285714286
13.893482634768905 1.3571428571428572
13.838071691551992 1.5
13.785782572255759 1.5714285714285714
13.739545977245374 1.5
13.70619249576946 1.4285714285714286
13.688323636595575 1.5714285714285714
13.685966603300708 1.5
13.701130751328181 1.3571428571428572
13.730673835506032 1.1428571428571428
13.767999561793815 1.4285714285714286
13.813234755184459 1.3571428571428572
13.853813219469057 1.5
13.896807646205549 1.5714285714285714
13.930514893317076 1.5714285714285714
13.953696286512765 1.5
13.964202112833286 1.4285714285714286
13.958968884744085 1.5714285714285714
13.93954318210808 1.5714285714285714
13.902225256416685 1.6428571428571428
13.860339602014092 1.5
13.81002527828906 1.5714285714285714
13.76607789654641 1.5714285714285714
13.730141555035809 1.5714285714285714
13.71099857660888 1.5
13.704365831737677 1.3571428571428572
13.711017845076526 1.4285714285714286
13.725886972296813 1.4285714285714286
13.752910210440938 1.3571428571428572
13.784397236032845 1.4285714285714286
13.819738445468813 1.3571428571428572
13.849470620497515 1.6428571428571428
13.880218228141105 1.5714285714285714
13.901370048840343 1.4285714285714286
13.912616021199653 1.4285714285714286
13.920668376494373 1.5
13.919036998199955 1.7142857142857142
13.90304642456644 1.5
13.870223929654896 1.5
13.83289714633151 1.5
13.79119619690714 1.5
13.755940809904036 1.5
13.73194585711053 1.5714285714285714
13.713077221866163 1.5
13.706364938420405 1.4285714285714286
13.711367958368744 1.5714285714285714
13.727682185898635 1.4285714285714286
13.754281426928184 1.4285714285714286
13.780301860791308 1.5
13.81225722096933 1.7142857142857142
13.839506243390407 1.5714285714285714
13.861738557842385 1.5
13.87983234104917 1.5
13.89385922586327 1.5714285714285714
13.903684442415507 1.5714285714285714
13.901494660879818 1.5714285714285714
13.885639538459392 1.4285714285714286
13.854459887109329 1.5
13.816673379829497 1.5
13.777157190243233 1.5
13.742288899849353 1.5
13.714574375928088 1.5
13.693628794547534 1.5714285714285714
13.687724086631896 1.5714285714285714
13.698744765319674 1.5714285714285714
13.719808363158183 1.4285714285714286
13.750051753613395 1.4285714285714286
13.780458513975235 1.5
13.81360879779486 1.5
13.843214639785002 1.7142857142857142
13.86531520546817 1.5714285714285714
13.883639398467189 1.5
13.896078171769567 1.6428571428571428
13.898544893261068 1.6428571428571428
13.885451636198187 1.5714285714285714
13.859738151534913 1.5
13.82480066926721 1.4285714285714286
13.784687107742505 1.4285714285714286
13.746170128346247 1.3571428571428572
13.713529611754282 1.3571428571428572
13.68596758343553 1.5
13.675274122088235 1.5714285714285714
13.679676503505496 1.7857142857142858
13.702344000700355 1.5
13.737104139968835 1.3571428571428572
13.779869831061282 1.4285714285714286
13.820922860657204 1.3571428571428572
13.855695157278026 1.6428571428571428
13.878530464471117 1.6428571428571428
13.88790132464767 1.7857142857142858
13.881705854650235 1.9285714285714286
13.858233465160152 1.8571428571428572
13.81166669135918 1.5714285714285714
13.734891140560938 1.6428571428571428
13.649657875922266 1.6428571428571428
13.550004443415082 1.5714285714285714
13.446412840317878 1.6428571428571428
13.345403585270933 1.6428571428571428
13.250675277123477 1.6428571428571428
13.164979902928517 1.6428571428571428
13.099813900424019 1.7142857142857142
13.050534036767656 1.6428571428571428
13.019478910190054 1.5
13.005627647171725 1.5714285714285714
12.992996002514156 1.4285714285714286
12.965689821588535 1.5
12.935893519502123 1.6428571428571428
12.885753746798416 1.7857142857142858
12.82925584469344 1.7142857142857142
12.775179174241195 1.7142857142857142
12.699199917947919 1.7142857142857142
12.609134931440144 1.5
12.507481159028124 1.6428571428571428
12.393739720628155 1.6428571428571428
12.270487174242575 1.6428571428571428
12.158048199282984 1.7142857142857142
12.071097836310695 1.6428571428571428
12.042109861530015 1.4285714285714286
12.017906420147252 1.5
12.017447090269195 1.5714285714285714
12.009081315153644 1.6428571428571428
12.02679395877659 1.6428571428571428
12.053992398914758 1.5714285714285714
12.09237412327761 1.5714285714285714
12.118854270774413 1.6428571428571428
12.139701566041067 1.6428571428571428
12.138256545881118 1.8571428571428572
12.119332658227101 1.7142857142857142
12.083140801321177 1.7142857142857142
12.03290571388816 1.7142857142857142
11.972014851278123 1.6428571428571428
12.008198558394003 1.6428571428571428
12.190037603747097 1.6428571428571428
12.123727607932878 1.5714285714285714
12.081700298179237 1.7142857142857142
12.03980735225698 1.5714285714285714
12.004072849773218 1.6428571428571428
11.981557566072786 1.6428571428571428
11.970886519904631 1.6428571428571428
11.97688293389449 1.7142857142857142
11.992312433212051 1.6428571428571428
12.006812169895053 1.5714285714285714
12.01696978594707 1.5
12.019166395835956 1.6428571428571428
12.00252255383051 1.8571428571428572
11.965077750308264 1.6428571428571428
11.9089897321424 1.7857142857142858
11.843001008931578 1.7142857142857142
11.757191876458803 1.7857142857142858
11.662731817109687 1.6428571428571428
11.564277535190847 1.6428571428571428
11.478652103824226 1.5
11.444267685228365 1.6428571428571428
11.418487869795639 1.6428571428571428
11.416054306243742 1.5714285714285714
11.43085053988403 1.5714285714285714
11.46130890646152 1.5
11.512744286998618 1.7142857142857142
11.56851213004505 1.5
11.630426937816065 1.5714285714285714
11.681659909739519 1.5714285714285714
11.744733559010774 1.6428571428571428
11.785267670973697 1.6428571428571428
11.804159212891687 1.8571428571428572
11.801322269244986 1.7857142857142858
11.77895751545265 1.8571428571428572
11.737441104666084 1.7142857142857142
11.676914952396945 1.7142857142857142
11.620466616977497 1.7142857142857142
11.54107234134712 1.7142857142857142
11.46187996915652 1.5714285714285714
11.385647077007658 1.5714285714285714
11.315673559913469 1.7857142857142858
11.256086955924824 1.7142857142857142
11.203153310376388 1.7857142857142858
11.153728436608095 1.8571428571428572
11.042928228810247 1.7857142857142858
11.02295508247418 1.7857142857142858
11.015696370108653 1.6428571428571428
11.003782839645337 1.7142857142857142
10.987415183227478 1.7857142857142858
10.96916455138974 1.7142857142857142
10.959353990472259 1.7857142857142858
10.951103609538901 1.6428571428571428
10.940438051814763 1.7857142857142858
10.927069986301671 1.7857142857142858
10.916528896130608 1.7142857142857142
10.907056626701692 1.7857142857142858
10.906937077098947 1.7142857142857142
10.91107607489458 1.7857142857142858
10.922812373623579 1.7142857142857142
10.940350721604092 1.7857142857142858
10.966149698546356 1.6428571428571428
10.99762379039382 1.7857142857142858
11.029234261385799 1.7857142857142858
11.05748175702852 1.7142857142857142
11.080678726508232 1.6428571428571428
11.088890072653543 1.7142857142857142
11.06981945385559 1.7857142857142858
11.029079324964282 1.6428571428571428
11.013944860796805 1.6428571428571428
10.93919171218 1.7142857142857142
10.86007239080365 1.7142857142857142
10.782777475787878 1.7142857142857142
10.708979602329421 1.7857142857142858
10.639430724395133 1.7142857142857142
10.575587470279805 1.7857142857142858
10.522494884255432 1.7857142857142858
10.481723091368295 1.7142857142857142
10.442618549341661 1.6428571428571428
10.409425463318897 1.5714285714285714
10.385499944562659 1.7142857142857142
10.363429446426762 1.8571428571428572
10.341180984580701 1.8571428571428572
10.341783108026982 2
10.341635542404646 1.9285714285714286
10.32758026905694 1.9285714285714286
10.310529348704444 1.7857142857142858
10.287635347490564 1.6428571428571428
10.260649425761247 1.7857142857142858
10.221709095153479 1.7857142857142858
10.196696592922851 1.9285714285714286
10.176933698877933 2.0714285714285716
10.163985392568902 1.9285714285714286
10.164573131532714 1.8571428571428572
10.17122452979712 1.7857142857142858
10.191523872841099 1.8571428571428572
10.21524544325372 1.7142857142857142
10.243904576003517 1.8571428571428572
10.272788233479798 1.8571428571428572
10.305413351036753 1.9285714285714286
10.336404029073602 1.9285714285714286
10.353856085272279 1.9285714285714286
10.354617815196312 1.8571428571428572
10.341912964190369 1.8571428571428572
10.318732471904461 1.8571428571428572
10.291190550694864 1.7142857142857142
10.262993862999732 1.8571428571428572
10.227155444730833 1.9285714285714286
10.195906694158495 1.8571428571428572
10.169687518521025 1.9285714285714286
